{
  "nbformat": 4,
  "nbformat_minor": 0,
  "metadata": {
    "colab": {
      "name": "clustering_NA_task.ipynb",
      "provenance": [],
      "collapsed_sections": [
        "P8Afz-pfvBiG",
        "YNHvocJ6u9ug",
        "ne7fuwwU5HiB",
        "6jnrvO2K4qvc",
        "RNkClVC2Cpdv"
      ],
      "authorship_tag": "ABX9TyN5mpHg906x4e5LJbJyIA/Y",
      "include_colab_link": true
    },
    "kernelspec": {
      "name": "python3",
      "display_name": "Python 3"
    },
    "language_info": {
      "name": "python"
    }
  },
  "cells": [
    {
      "cell_type": "markdown",
      "metadata": {
        "id": "view-in-github",
        "colab_type": "text"
      },
      "source": [
        "<a href=\"https://colab.research.google.com/github/Jeevesh8/loss-surface-simplexes/blob/main/experiments/star_bert/misc/clustering_NA_task.ipynb\" target=\"_parent\"><img src=\"https://colab.research.google.com/assets/colab-badge.svg\" alt=\"Open In Colab\"/></a>"
      ]
    },
    {
      "cell_type": "code",
      "execution_count": null,
      "metadata": {
        "id": "JoIRXJS-Iwtj"
      },
      "outputs": [],
      "source": [
        ""
      ]
    },
    {
      "cell_type": "markdown",
      "source": [
        "## Download Repo"
      ],
      "metadata": {
        "id": "P8Afz-pfvBiG"
      }
    },
    {
      "cell_type": "code",
      "execution_count": 1,
      "metadata": {
        "id": "ghz6la6ZdYZa",
        "colab": {
          "base_uri": "https://localhost:8080/"
        },
        "outputId": "b1153f56-3223-47b3-f5a3-8e97a324d807"
      },
      "outputs": [
        {
          "output_type": "stream",
          "name": "stdout",
          "text": [
            "Cloning into 'loss-surface-simplexes'...\n",
            "remote: Enumerating objects: 3205, done.\u001b[K\n",
            "remote: Counting objects: 100% (2012/2012), done.\u001b[K\n",
            "remote: Compressing objects: 100% (1726/1726), done.\u001b[K\n",
            "remote: Total 3205 (delta 651), reused 1586 (delta 285), pack-reused 1193\u001b[K\n",
            "Receiving objects: 100% (3205/3205), 78.47 MiB | 32.17 MiB/s, done.\n",
            "Resolving deltas: 100% (1273/1273), done.\n"
          ]
        }
      ],
      "source": [
        "!git clone https://github.com/RachitBansal/loss-surface-simplexes"
      ]
    },
    {
      "cell_type": "code",
      "source": [
        "%cd loss-surface-simplexes/experiments/star_bert/"
      ],
      "metadata": {
        "id": "z1PPSFigdkmu",
        "colab": {
          "base_uri": "https://localhost:8080/"
        },
        "outputId": "c9fa21bb-8bc7-4622-8b97-707a0fdae5ee"
      },
      "execution_count": 2,
      "outputs": [
        {
          "output_type": "stream",
          "name": "stdout",
          "text": [
            "/content/loss-surface-simplexes/experiments/star_bert\n"
          ]
        }
      ]
    },
    {
      "cell_type": "markdown",
      "source": [
        "## Loading Log "
      ],
      "metadata": {
        "id": "scDzvonsvAE8"
      }
    },
    {
      "cell_type": "markdown",
      "source": [
        "### From Log File"
      ],
      "metadata": {
        "id": "b7z05NShMmH5"
      }
    },
    {
      "cell_type": "code",
      "source": [
        "import re"
      ],
      "metadata": {
        "id": "VqqOZOVAenvO"
      },
      "execution_count": 121,
      "outputs": []
    },
    {
      "cell_type": "code",
      "source": [
        "def get_interpolation_wise_data(lines):    \n",
        "    interpol_wise = []\n",
        "    for line in lines:\n",
        "        match_obj = re.match(r\"Euclidean distance between (\\d+) and (\\d+): (\\d+\\.\\d+).\", line)\n",
        "        if match_obj is not None:\n",
        "            if len(interpol_wise)>0 and len(interpol_wise[-1])<40:\n",
        "                print(\"Removing incomplete iteration stored in:\", \n",
        "                      interpol_wise[-1], \"\\n\\n\")\n",
        "                interpol_wise = interpol_wise[:-1]\n",
        "            interpol_wise.append([])\n",
        "        if len(interpol_wise)!=0:\n",
        "            interpol_wise[-1].append(line)\n",
        "    return interpol_wise"
      ],
      "metadata": {
        "id": "QIOzCcq3gl9m"
      },
      "execution_count": 122,
      "outputs": []
    },
    {
      "cell_type": "code",
      "source": [
        "def get_data_from_strs(interpol_strs, idx=3):\n",
        "    \"\"\"idx: 3 for accuracy, 4 for loss\"\"\"\n",
        "    match_obj = re.match(r\"Euclidean distance between (\\d+) and (\\d+): (\\d+\\.\\d+).\", interpol_strs[0])\n",
        "    interpol_from = int(match_obj[2])\n",
        "    interpol_to = int(match_obj[1])\n",
        "    euc_dist = float(match_obj[3])\n",
        "    loss_vals = []\n",
        "    #print(interpol_strs)\n",
        "    for i, st in enumerate(interpol_strs):\n",
        "        if st.startswith(\"-----------  ---------------  ------------- \"):\n",
        "            #print(\"appending:\", float(interpol_strs[i+1].split()[idx]))\n",
        "            loss_vals.append(float(interpol_strs[i+1].split()[idx]))\n",
        "        elif st.startswith(\"--\"):\n",
        "            print(\"skipping\", st)\n",
        "    if len(loss_vals)!=10:\n",
        "        raise ValueError(f\"Number of loss values read, must be 10! Instead read: {loss_vals}\")\n",
        "    return interpol_from, interpol_to, euc_dist, loss_vals[::-1]"
      ],
      "metadata": {
        "id": "CgL8Dn-jhFLR"
      },
      "execution_count": 123,
      "outputs": []
    },
    {
      "cell_type": "code",
      "source": [
        "def load_file(filename, correct_order: bool=False, idx: int=3):\n",
        "    vals = dict()\n",
        "    with open(filename) as f:\n",
        "        lines = [elem.strip() for elem in f.readlines()]\n",
        "    interpol_wise = get_interpolation_wise_data(lines)\n",
        "    for interpolation_data in interpol_wise:\n",
        "        i, j, dist, losses = get_data_from_strs(interpolation_data, idx)\n",
        "        vals[(i,j)] = (dist, losses[::-1])\n",
        "        vals[(j,i)] = (dist, losses)\n",
        "    return vals"
      ],
      "metadata": {
        "id": "8oLwp0TMdoaL"
      },
      "execution_count": 124,
      "outputs": []
    },
    {
      "cell_type": "code",
      "source": [
        "metric = \"loss\"                                                                  #or \"loss\" for loss or \"acc\" for accuracy\n",
        "vals = load_file(\"/content/loss-surface-simplexes/experiments/star_bert/saved-logs/25by25_interpol_mlm.log\",\n",
        "                 idx=3 if metric==\"acc\" else 4,\n",
        "                 correct_order=False)                                           #Always False here.\n",
        "#vals.update(load_file(\"saved-logs/100by100_interpol1.log\"))"
      ],
      "metadata": {
        "id": "BDYZth03fF9k",
        "colab": {
          "base_uri": "https://localhost:8080/"
        },
        "outputId": "a109f62d-0d0a-437e-d850-1b540d31a36e"
      },
      "execution_count": 244,
      "outputs": [
        {
          "output_type": "stream",
          "name": "stdout",
          "text": [
            "Removing incomplete iteration stored in: ['Euclidean distance between 1 and 8: 701.253662109375.', 'Interpolating between 1 and 8 on bookcorpus dataset(None cases)', '[0.0, 1.0]', 'point_num    correct preds    total preds    accuracy         loss', '-----------  ---------------  -------------  ----------  -----------', '0              131           7314  1.79108559  34.58418285', '[0.1111111111111111, 0.8888888888888888]', 'point_num    correct preds    total preds    accuracy         loss', '-----------  ---------------  -------------  ----------  -----------', '1               92           7267  1.26599697  42.70331588', '[0.2222222222222222, 0.7777777777777778]', 'point_num    correct preds    total preds    accuracy          loss', '-----------  ---------------  -------------  ----------  ------------', '2               17           7312  0.23249453  102.81798797', '[0.3333333333333333, 0.6666666666666667]', 'point_num    correct preds    total preds    accuracy          loss', '-----------  ---------------  -------------  ----------  ------------', '3                1           7096  0.01409245  132.86974998', '[0.4444444444444444, 0.5555555555555556]', 'point_num    correct preds    total preds    accuracy          loss', '-----------  ---------------  -------------  ----------  ------------', '4                0           7284  0.00000000  137.54006811', '[0.5555555555555556, 0.4444444444444444]', 'point_num    correct preds    total preds    accuracy          loss', '-----------  ---------------  -------------  ----------  ------------', '5                4           7278  0.05496015  134.43608064', '[0.6666666666666666, 0.33333333333333337]', 'Encountered error: 500 Server Error: Internal Server Error for url: https://huggingface.co/api/models/bert-base-uncased', 'Retrying..'] \n",
            "\n",
            "\n",
            "Removing incomplete iteration stored in: ['Euclidean distance between 2 and 22: 701.4165649414062.', 'Interpolating between 2 and 22 on bookcorpus dataset(None cases)', '[0.0, 1.0]', 'point_num    correct preds    total preds    accuracy         loss', '-----------  ---------------  -------------  ----------  -----------', '0              136           7303  1.86224839  35.64246292', '[0.1111111111111111, 0.8888888888888888]', 'point_num    correct preds    total preds    accuracy         loss', '-----------  ---------------  -------------  ----------  -----------', '1              109           7208  1.51220866  42.62900630', '[0.2222222222222222, 0.7777777777777778]', 'point_num    correct preds    total preds    accuracy         loss', '-----------  ---------------  -------------  ----------  -----------', '2               20           7127  0.28062298  99.94706526', '[0.3333333333333333, 0.6666666666666667]', 'point_num    correct preds    total preds    accuracy          loss', '-----------  ---------------  -------------  ----------  ------------', '3               12           7229  0.16599806  117.92674547', '[0.4444444444444444, 0.5555555555555556]', 'point_num    correct preds    total preds    accuracy          loss', '-----------  ---------------  -------------  ----------  ------------', '4                9           7298  0.12332146  132.68486483', '[0.5555555555555556, 0.4444444444444444]', 'Encountered error: 504 Server Error: Gateway Time-out for url: https://huggingface.co/api/models/bert-base-uncased', 'Retrying..'] \n",
            "\n",
            "\n",
            "Removing incomplete iteration stored in: ['Euclidean distance between 2 and 22: 701.4165649414062.', 'Interpolating between 2 and 22 on bookcorpus dataset(None cases)', '[0.0, 1.0]', 'point_num    correct preds    total preds    accuracy         loss', '-----------  ---------------  -------------  ----------  -----------', '0              122           7228  1.68788046  34.96539992', '[0.1111111111111111, 0.8888888888888888]', 'point_num    correct preds    total preds    accuracy         loss', '-----------  ---------------  -------------  ----------  -----------', '1               96           7319  1.31165460  42.57085327', '[0.2222222222222222, 0.7777777777777778]', 'point_num    correct preds    total preds    accuracy         loss', '-----------  ---------------  -------------  ----------  -----------', '2               20           7181  0.27851274  99.88990337', '[0.3333333333333333, 0.6666666666666667]', 'point_num    correct preds    total preds    accuracy          loss', '-----------  ---------------  -------------  ----------  ------------', '3               15           7320  0.20491803  119.34360615', '[0.4444444444444444, 0.5555555555555556]', 'point_num    correct preds    total preds    accuracy          loss', '-----------  ---------------  -------------  ----------  ------------', '4                9           7253  0.12408658  131.35767517', '[0.5555555555555556, 0.4444444444444444]', 'Encountered error: 504 Server Error: Gateway Time-out for url: https://huggingface.co/api/models/bert-base-uncased', 'Retrying..'] \n",
            "\n",
            "\n"
          ]
        }
      ]
    },
    {
      "cell_type": "markdown",
      "source": [
        "### From pkl file"
      ],
      "metadata": {
        "id": "uzAUHPmOMpUi"
      }
    },
    {
      "cell_type": "code",
      "source": [
        "filename = \"/content/loss-surface-simplexes/experiments/star_bert/saved-logs/25by25_mlm.pkl\"\n",
        "correct_order = True                                                            #Whether loss elements are in correct order. Correct order in 25by_25_mlm.pkl, 25by25_obj_rel_no_comp_across_anim.pkl."
      ],
      "metadata": {
        "id": "TUolmhFhM74i"
      },
      "execution_count": 245,
      "outputs": []
    },
    {
      "cell_type": "code",
      "source": [
        "import pickle\n",
        "\n",
        "with open(filename, \"rb\") as f:\n",
        "    pkl_vals = pickle.load(f)\n",
        "print(pkl_vals)\n",
        "idx = 4 if metric==\"loss\" else 3\n",
        "\n",
        "new_vals = {}\n",
        "for k,v in pkl_vals.items():\n",
        "    losses, dist = v\n",
        "    #print(k, losses)\n",
        "    new_vals[k] = (dist, [elem[idx] for elem in losses])\n",
        "    i,j = k\n",
        "    new_vals[(j,i)] =(new_vals[k][0], new_vals[k][1][::-1])\n",
        "    if not correct_order:\n",
        "        new_vals[(i,j)] = (new_vals[(i,j)][0], new_vals[(i,j)][1][::-1])\n",
        "        new_vals[(j,i)] = (new_vals[(i,j)][0], new_vals[(i,j)][1][::-1])"
      ],
      "metadata": {
        "colab": {
          "base_uri": "https://localhost:8080/"
        },
        "id": "ltQ5Sc8lMsjz",
        "outputId": "385eb250-4911-4d12-819d-575f3be1bb7a"
      },
      "execution_count": 246,
      "outputs": [
        {
          "output_type": "stream",
          "name": "stdout",
          "text": [
            "{(0, 1): ([[9, 125, 7242, 1.7260425296879316, 36.081739263948045], [8, 79, 7203, 1.0967652367069278, 43.20469317898955], [7, 6, 7241, 0.08286148322054965, 121.99493488279631], [6, 4, 7087, 0.05644137152532807, 141.2287188401188], [5, 0, 7167, 0.0, 139.64329007408085], [4, 11, 7165, 0.15352407536636428, 131.3449622868327], [3, 2, 7173, 0.027882336539802037, 125.46168450632472], [2, 16, 7259, 0.22041603526656564, 100.36596711638677], [1, 101, 7419, 1.3613694568001078, 42.409108566199855], [0, 123, 7176, 1.7140468227424748, 34.65884936958917]], 702.0604858398438), (1, 0): ([[0, 123, 7176, 1.7140468227424748, 34.65884936958917], [1, 101, 7419, 1.3613694568001078, 42.409108566199855], [2, 16, 7259, 0.22041603526656564, 100.36596711638677], [3, 2, 7173, 0.027882336539802037, 125.46168450632472], [4, 11, 7165, 0.15352407536636428, 131.3449622868327], [5, 0, 7167, 0.0, 139.64329007408085], [6, 4, 7087, 0.05644137152532807, 141.2287188401188], [7, 6, 7241, 0.08286148322054965, 121.99493488279631], [8, 79, 7203, 1.0967652367069278, 43.20469317898955], [9, 125, 7242, 1.7260425296879316, 36.081739263948045]], 702.0604858398438), (0, 2): ([[9, 112, 7307, 1.5327767893800466, 35.26455014809483], [8, 98, 7178, 1.3652828085817776, 44.336556082550416], [7, 14, 7312, 0.19146608315098468, 109.39918087347853], [6, 0, 7112, 0.0, 130.3194891947863], [5, 0, 7365, 0.0, 137.63752917090972], [4, 0, 7343, 0.0, 132.90760941409974], [3, 5, 7142, 0.07000840100812097, 123.58742637495406], [2, 30, 7211, 0.4160310636527527, 98.91436343523024], [1, 114, 7377, 1.5453436356242376, 42.19777132240886], [0, 131, 7220, 1.8144044321329642, 36.40875607646403]], 702.4429321289062), (2, 0): ([[0, 131, 7220, 1.8144044321329642, 36.40875607646403], [1, 114, 7377, 1.5453436356242376, 42.19777132240886], [2, 30, 7211, 0.4160310636527527, 98.91436343523024], [3, 5, 7142, 0.07000840100812097, 123.58742637495406], [4, 0, 7343, 0.0, 132.90760941409974], [5, 0, 7365, 0.0, 137.63752917090972], [6, 0, 7112, 0.0, 130.3194891947863], [7, 14, 7312, 0.19146608315098468, 109.39918087347853], [8, 98, 7178, 1.3652828085817776, 44.336556082550416], [9, 112, 7307, 1.5327767893800466, 35.26455014809483]], 702.4429321289062), (0, 3): ([[9, 108, 7336, 1.4721919302071973, 36.43796067565452], [8, 115, 7289, 1.5777198518315267, 41.41012696752759], [7, 10, 7039, 0.14206563432305727, 102.9177347024169], [6, 0, 7186, 0.0, 133.93683376041523], [5, 1, 7282, 0.013732491073880802, 148.36641893646149], [4, 0, 7403, 0.0, 141.2726326900834], [3, 0, 7300, 0.0, 131.63202218669736], [2, 16, 7232, 0.22123893805309736, 100.27086026689648], [1, 116, 7239, 1.6024312750379885, 41.387264778146694], [0, 124, 7154, 1.7332960581492873, 35.41742630154186]], 700.5262451171875), (3, 0): ([[0, 124, 7154, 1.7332960581492873, 35.41742630154186], [1, 116, 7239, 1.6024312750379885, 41.387264778146694], [2, 16, 7232, 0.22123893805309736, 100.27086026689648], [3, 0, 7300, 0.0, 131.63202218669736], [4, 0, 7403, 0.0, 141.2726326900834], [5, 1, 7282, 0.013732491073880802, 148.36641893646149], [6, 0, 7186, 0.0, 133.93683376041523], [7, 10, 7039, 0.14206563432305727, 102.9177347024169], [8, 115, 7289, 1.5777198518315267, 41.41012696752759], [9, 108, 7336, 1.4721919302071973, 36.43796067565452]], 700.5262451171875), (0, 4): ([[9, 127, 7234, 1.7555985623444843, 34.250694091391885], [8, 114, 7127, 1.5995510032271645, 41.21641413567025], [7, 16, 7340, 0.21798365122615804, 107.25851362264774], [6, 3, 7258, 0.041333700744006614, 127.14601008692993], [5, 2, 7327, 0.02729630135116692, 143.52598686525437], [4, 3, 7168, 0.04185267857142857, 144.51776017461503], [3, 0, 7335, 0.0, 151.15083423866736], [2, 11, 7273, 0.15124432833768733, 110.73067621750073], [1, 117, 7268, 1.6097963676389653, 43.00769373421887], [0, 129, 7230, 1.784232365145228, 34.3381474031947]], 701.9244995117188), (4, 0): ([[0, 129, 7230, 1.784232365145228, 34.3381474031947], [1, 117, 7268, 1.6097963676389653, 43.00769373421887], [2, 11, 7273, 0.15124432833768733, 110.73067621750073], [3, 0, 7335, 0.0, 151.15083423866736], [4, 3, 7168, 0.04185267857142857, 144.51776017461503], [5, 2, 7327, 0.02729630135116692, 143.52598686525437], [6, 3, 7258, 0.041333700744006614, 127.14601008692993], [7, 16, 7340, 0.21798365122615804, 107.25851362264774], [8, 114, 7127, 1.5995510032271645, 41.21641413567025], [9, 127, 7234, 1.7555985623444843, 34.250694091391885]], 701.9244995117188), (0, 5): ([[9, 129, 7357, 1.7534321054777764, 35.08287241019129], [8, 97, 7150, 1.3566433566433567, 39.88379243437227], [7, 23, 7340, 0.31335149863760214, 91.8115020668799], [6, 0, 7166, 0.0, 126.38532972748374], [5, 0, 7176, 0.0, 145.56768019728304], [4, 0, 7331, 0.0, 151.53282467539387], [3, 1, 7282, 0.013732491073880802, 128.09908820416567], [2, 7, 7330, 0.09549795361527967, 106.78640439812841], [1, 113, 7160, 1.5782122905027933, 45.105827382689746], [0, 122, 7303, 1.6705463508147338, 34.515511420953935]], 700.6064453125), (5, 0): ([[0, 122, 7303, 1.6705463508147338, 34.515511420953935], [1, 113, 7160, 1.5782122905027933, 45.105827382689746], [2, 7, 7330, 0.09549795361527967, 106.78640439812841], [3, 1, 7282, 0.013732491073880802, 128.09908820416567], [4, 0, 7331, 0.0, 151.53282467539387], [5, 0, 7176, 0.0, 145.56768019728304], [6, 0, 7166, 0.0, 126.38532972748374], [7, 23, 7340, 0.31335149863760214, 91.8115020668799], [8, 97, 7150, 1.3566433566433567, 39.88379243437227], [9, 129, 7357, 1.7534321054777764, 35.08287241019129]], 700.6064453125), (0, 6): ([[9, 136, 7404, 1.8368449486763911, 34.71414273600524], [8, 86, 7178, 1.198105321816662, 45.25437301844068], [7, 13, 7281, 0.17854690289795358, 115.05879981595398], [6, 5, 7153, 0.06990074094785405, 143.9135632284968], [5, 3, 7182, 0.04177109440267335, 142.80496347544752], [4, 1, 7154, 0.01397819401733296, 138.8033074263524], [3, 3, 7198, 0.04167824395665463, 129.0921630011429], [2, 22, 7285, 0.30199039121482496, 98.23689150839697], [1, 110, 7284, 1.5101592531576058, 41.449593809526874], [0, 114, 7192, 1.585094549499444, 36.38689320344681]], 701.8843383789062), (6, 0): ([[0, 114, 7192, 1.585094549499444, 36.38689320344681], [1, 110, 7284, 1.5101592531576058, 41.449593809526874], [2, 22, 7285, 0.30199039121482496, 98.23689150839697], [3, 3, 7198, 0.04167824395665463, 129.0921630011429], [4, 1, 7154, 0.01397819401733296, 138.8033074263524], [5, 3, 7182, 0.04177109440267335, 142.80496347544752], [6, 5, 7153, 0.06990074094785405, 143.9135632284968], [7, 13, 7281, 0.17854690289795358, 115.05879981595398], [8, 86, 7178, 1.198105321816662, 45.25437301844068], [9, 136, 7404, 1.8368449486763911, 34.71414273600524]], 701.8843383789062), (0, 7): ([[9, 116, 7176, 1.6164994425863992, 35.51067368455289], [8, 97, 7321, 1.3249556071574922, 41.382334548289485], [7, 11, 7256, 0.1515986769570011, 102.08074284966752], [6, 0, 7281, 0.0, 128.38737574345365], [5, 1, 7288, 0.013721185510428101, 140.55618949412775], [4, 2, 7082, 0.02824060999717594, 137.67317568141502], [3, 9, 7062, 0.1274426508071368, 128.77441240309048], [2, 16, 7174, 0.2230275996654586, 109.1112158046581], [1, 105, 7242, 1.4498757249378624, 42.11834204377999], [0, 119, 7178, 1.6578434104207298, 35.848818494404014]], 702.673828125), (7, 0): ([[0, 119, 7178, 1.6578434104207298, 35.848818494404014], [1, 105, 7242, 1.4498757249378624, 42.11834204377999], [2, 16, 7174, 0.2230275996654586, 109.1112158046581], [3, 9, 7062, 0.1274426508071368, 128.77441240309048], [4, 2, 7082, 0.02824060999717594, 137.67317568141502], [5, 1, 7288, 0.013721185510428101, 140.55618949412775], [6, 0, 7281, 0.0, 128.38737574345365], [7, 11, 7256, 0.1515986769570011, 102.08074284966752], [8, 97, 7321, 1.3249556071574922, 41.382334548289485], [9, 116, 7176, 1.6164994425863992, 35.51067368455289]], 702.673828125), (0, 8): ([[9, 118, 7299, 1.6166598164132073, 35.85432483627627], [8, 102, 7165, 1.4235868806699232, 39.65011691661124], [7, 20, 7275, 0.27491408934707906, 95.26502568929875], [6, 1, 7322, 0.013657470636438131, 125.89337943441], [5, 1, 7115, 0.014054813773717499, 135.81326670107168], [4, 4, 7214, 0.05544774050457444, 136.35781570151138], [3, 2, 7476, 0.026752273943285176, 129.46941805574713], [2, 8, 7157, 0.11177867821713008, 103.02402310320097], [1, 98, 7268, 1.3483764446890478, 41.67421251715837], [0, 139, 7169, 1.9389036127772354, 35.72938322412334]], 701.3091430664062), (8, 0): ([[0, 139, 7169, 1.9389036127772354, 35.72938322412334], [1, 98, 7268, 1.3483764446890478, 41.67421251715837], [2, 8, 7157, 0.11177867821713008, 103.02402310320097], [3, 2, 7476, 0.026752273943285176, 129.46941805574713], [4, 4, 7214, 0.05544774050457444, 136.35781570151138], [5, 1, 7115, 0.014054813773717499, 135.81326670107168], [6, 1, 7322, 0.013657470636438131, 125.89337943441], [7, 20, 7275, 0.27491408934707906, 95.26502568929875], [8, 102, 7165, 1.4235868806699232, 39.65011691661124], [9, 118, 7299, 1.6166598164132073, 35.85432483627627]], 701.3091430664062), (0, 9): ([[9, 116, 7195, 1.6122307157748434, 35.15447092062902], [8, 108, 7356, 1.468189233278956, 42.407960760003526], [7, 14, 7207, 0.1942555848480644, 101.38238409367086], [6, 5, 7305, 0.06844626967830253, 125.1773355284266], [5, 1, 7391, 0.013529968881071573, 137.89188752182764], [4, 8, 7156, 0.11179429849077697, 140.78163787517687], [3, 3, 7246, 0.04140215291195142, 129.27358096546803], [2, 5, 7188, 0.06956037840845854, 107.00799957937708], [1, 100, 7180, 1.392757660167131, 43.109572123152965], [0, 112, 7287, 1.536983669548511, 35.249132391158916]], 702.4114990234375), (9, 0): ([[0, 112, 7287, 1.536983669548511, 35.249132391158916], [1, 100, 7180, 1.392757660167131, 43.109572123152965], [2, 5, 7188, 0.06956037840845854, 107.00799957937708], [3, 3, 7246, 0.04140215291195142, 129.27358096546803], [4, 8, 7156, 0.11179429849077697, 140.78163787517687], [5, 1, 7391, 0.013529968881071573, 137.89188752182764], [6, 5, 7305, 0.06844626967830253, 125.1773355284266], [7, 14, 7207, 0.1942555848480644, 101.38238409367086], [8, 108, 7356, 1.468189233278956, 42.407960760003526], [9, 116, 7195, 1.6122307157748434, 35.15447092062902]], 702.4114990234375), (0, 10): ([[9, 116, 7317, 1.5853491868252017, 36.34251214663839], [8, 104, 7309, 1.4229032699411683, 42.48635476368497], [7, 15, 7251, 0.2068680182043856, 105.26745290654952], [6, 10, 7167, 0.13952839402818473, 124.62636392752263], [5, 5, 7449, 0.06712310377231842, 135.7107333939801], [4, 1, 7265, 0.013764624913971095, 138.58358101368935], [3, 1, 7294, 0.013709898546750754, 127.21480957566793], [2, 25, 7180, 0.34818941504178275, 93.89218292661364], [1, 117, 7263, 1.6109045848822798, 40.70533080365595], [0, 112, 7140, 1.5686274509803921, 34.600155532794176]], 702.7913818359375), (10, 0): ([[0, 112, 7140, 1.5686274509803921, 34.600155532794176], [1, 117, 7263, 1.6109045848822798, 40.70533080365595], [2, 25, 7180, 0.34818941504178275, 93.89218292661364], [3, 1, 7294, 0.013709898546750754, 127.21480957566793], [4, 1, 7265, 0.013764624913971095, 138.58358101368935], [5, 5, 7449, 0.06712310377231842, 135.7107333939801], [6, 10, 7167, 0.13952839402818473, 124.62636392752263], [7, 15, 7251, 0.2068680182043856, 105.26745290654952], [8, 104, 7309, 1.4229032699411683, 42.48635476368497], [9, 116, 7317, 1.5853491868252017, 36.34251214663839]], 702.7913818359375), (0, 11): ([[9, 130, 7154, 1.817165222253285, 35.01550353543199], [8, 100, 7266, 1.3762730525736306, 42.80575476682386], [7, 16, 7202, 0.22216051096917525, 106.64369570735559], [6, 1, 7219, 0.013852334118298934, 132.05650966024444], [5, 0, 7141, 0.0, 145.51718625553582], [4, 1, 7140, 0.014005602240896357, 139.5139677843794], [3, 1, 7339, 0.01362583458236817, 132.48555458610463], [2, 5, 7301, 0.06848376934666484, 111.23685967675661], [1, 100, 7086, 1.4112334180073385, 42.8790029191446], [0, 119, 7203, 1.6520894071914478, 35.3331810462546]], 701.8642578125), (11, 0): ([[0, 119, 7203, 1.6520894071914478, 35.3331810462546], [1, 100, 7086, 1.4112334180073385, 42.8790029191446], [2, 5, 7301, 0.06848376934666484, 111.23685967675661], [3, 1, 7339, 0.01362583458236817, 132.48555458610463], [4, 1, 7140, 0.014005602240896357, 139.5139677843794], [5, 0, 7141, 0.0, 145.51718625553582], [6, 1, 7219, 0.013852334118298934, 132.05650966024444], [7, 16, 7202, 0.22216051096917525, 106.64369570735559], [8, 100, 7266, 1.3762730525736306, 42.80575476682386], [9, 130, 7154, 1.817165222253285, 35.01550353543199]], 701.8642578125), (0, 12): ([[9, 106, 7249, 1.4622706580217961, 34.14443031339452], [8, 106, 7125, 1.487719298245614, 43.17142066714638], [7, 16, 7149, 0.22380752552804586, 121.03358482310682], [6, 12, 7159, 0.16762117614191926, 134.62163071273375], [5, 3, 7105, 0.0422237860661506, 143.9057000049481], [4, 0, 7405, 0.0, 153.54416011009243], [3, 0, 7215, 0.0, 142.7036323658394], [2, 14, 7303, 0.19170204025742846, 103.24530081949413], [1, 111, 7196, 1.5425236242356866, 42.541884001922185], [0, 116, 7235, 1.6033172080165863, 34.141107911674744]], 701.0956420898438), (12, 0): ([[0, 116, 7235, 1.6033172080165863, 34.141107911674744], [1, 111, 7196, 1.5425236242356866, 42.541884001922185], [2, 14, 7303, 0.19170204025742846, 103.24530081949413], [3, 0, 7215, 0.0, 142.7036323658394], [4, 0, 7405, 0.0, 153.54416011009243], [5, 3, 7105, 0.0422237860661506, 143.9057000049481], [6, 12, 7159, 0.16762117614191926, 134.62163071273375], [7, 16, 7149, 0.22380752552804586, 121.03358482310682], [8, 106, 7125, 1.487719298245614, 43.17142066714638], [9, 106, 7249, 1.4622706580217961, 34.14443031339452]], 701.0956420898438), (0, 13): ([[9, 112, 7227, 1.54974401549744, 35.01926216156103], [8, 99, 7278, 1.3602638087386645, 40.66075836626112], [7, 23, 7200, 0.3194444444444445, 99.49014141506619], [6, 0, 7331, 0.0, 129.57601377138286], [5, 8, 7257, 0.11023839051949842, 140.043782417515], [4, 10, 7352, 0.13601741022850924, 128.40631223062178], [3, 19, 7282, 0.2609173304037352, 122.70406672837348], [2, 22, 7361, 0.29887243581035183, 102.32119466986059], [1, 102, 7255, 1.4059269469331495, 42.7595841179709], [0, 133, 7356, 1.8080478520935293, 35.61958493040333]], 701.2191162109375), (13, 0): ([[0, 133, 7356, 1.8080478520935293, 35.61958493040333], [1, 102, 7255, 1.4059269469331495, 42.7595841179709], [2, 22, 7361, 0.29887243581035183, 102.32119466986059], [3, 19, 7282, 0.2609173304037352, 122.70406672837348], [4, 10, 7352, 0.13601741022850924, 128.40631223062178], [5, 8, 7257, 0.11023839051949842, 140.043782417515], [6, 0, 7331, 0.0, 129.57601377138286], [7, 23, 7200, 0.3194444444444445, 99.49014141506619], [8, 99, 7278, 1.3602638087386645, 40.66075836626112], [9, 112, 7227, 1.54974401549744, 35.01926216156103]], 701.2191162109375), (0, 14): ([[9, 142, 7328, 1.9377729257641922, 35.89943871643866], [8, 99, 7321, 1.3522742794700178, 43.39815236635994], [7, 16, 7247, 0.22078101283289636, 99.67567920750612], [6, 10, 7171, 0.13945056477478734, 123.78414002443654], [5, 2, 7314, 0.027344818156959255, 137.52549296778867], [4, 6, 7337, 0.08177729317159602, 144.57278851252642], [3, 5, 7233, 0.06912760956726116, 134.7765124972457], [2, 4, 7380, 0.05420054200542006, 108.57279052734376], [1, 97, 7220, 1.343490304709141, 42.746251815838164], [0, 131, 7289, 1.7972287007820003, 35.1796887853473]], 699.9215087890625), (14, 0): ([[0, 131, 7289, 1.7972287007820003, 35.1796887853473], [1, 97, 7220, 1.343490304709141, 42.746251815838164], [2, 4, 7380, 0.05420054200542006, 108.57279052734376], [3, 5, 7233, 0.06912760956726116, 134.7765124972457], [4, 6, 7337, 0.08177729317159602, 144.57278851252642], [5, 2, 7314, 0.027344818156959255, 137.52549296778867], [6, 10, 7171, 0.13945056477478734, 123.78414002443654], [7, 16, 7247, 0.22078101283289636, 99.67567920750612], [8, 99, 7321, 1.3522742794700178, 43.39815236635994], [9, 142, 7328, 1.9377729257641922, 35.89943871643866]], 699.9215087890625), (0, 15): ([[9, 122, 7115, 1.714687280393535, 34.28426072743269], [8, 97, 7311, 1.3267678840103954, 44.590894220889865], [7, 8, 7265, 0.11011699931176876, 122.87829336125688], [6, 8, 7345, 0.10891763104152485, 133.09582198774677], [5, 0, 7176, 0.0, 150.52954662922633], [4, 0, 7192, 0.0, 139.27302977293564], [3, 0, 7403, 0.0, 129.8904502958313], [2, 12, 7057, 0.17004392801473714, 101.20712893046687], [1, 137, 7240, 1.8922651933701657, 41.346086702294116], [0, 134, 7140, 1.876750700280112, 34.8984380385455]], 702.7794189453125), (15, 0): ([[0, 134, 7140, 1.876750700280112, 34.8984380385455], [1, 137, 7240, 1.8922651933701657, 41.346086702294116], [2, 12, 7057, 0.17004392801473714, 101.20712893046687], [3, 0, 7403, 0.0, 129.8904502958313], [4, 0, 7192, 0.0, 139.27302977293564], [5, 0, 7176, 0.0, 150.52954662922633], [6, 8, 7345, 0.10891763104152485, 133.09582198774677], [7, 8, 7265, 0.11011699931176876, 122.87829336125688], [8, 97, 7311, 1.3267678840103954, 44.590894220889865], [9, 122, 7115, 1.714687280393535, 34.28426072743269]], 702.7794189453125), (0, 16): ([[9, 127, 7262, 1.7488295235472324, 35.017406017121715], [8, 110, 7258, 1.5155690272802425, 43.15722540200792], [7, 16, 7269, 0.22011280781400466, 123.53595487096317], [6, 3, 7261, 0.041316623054675664, 138.07502985099117], [5, 1, 7234, 0.013823610727121925, 146.94383074797614], [4, 0, 7272, 0.0, 146.26540080155476], [3, 1, 7253, 0.013787398317937405, 134.2725457791442], [2, 17, 7269, 0.23386985830237994, 117.03479474117937], [1, 86, 7061, 1.2179577963461266, 45.98637775010013], [0, 126, 7238, 1.7408123791102514, 35.70914922389051]], 702.2858276367188), (16, 0): ([[0, 126, 7238, 1.7408123791102514, 35.70914922389051], [1, 86, 7061, 1.2179577963461266, 45.98637775010013], [2, 17, 7269, 0.23386985830237994, 117.03479474117937], [3, 1, 7253, 0.013787398317937405, 134.2725457791442], [4, 0, 7272, 0.0, 146.26540080155476], [5, 1, 7234, 0.013823610727121925, 146.94383074797614], [6, 3, 7261, 0.041316623054675664, 138.07502985099117], [7, 16, 7269, 0.22011280781400466, 123.53595487096317], [8, 110, 7258, 1.5155690272802425, 43.15722540200792], [9, 127, 7262, 1.7488295235472324, 35.017406017121715]], 702.2858276367188), (0, 17): ([[9, 119, 7333, 1.6228010364107461, 36.71272212701785], [8, 106, 7282, 1.455644053831365, 42.99342195740836], [7, 18, 7295, 0.24674434544208362, 107.10276784184373], [6, 9, 7295, 0.12337217272104181, 129.87299356231793], [5, 0, 7264, 0.0, 144.79574027040456], [4, 1, 7168, 0.013950892857142856, 141.17450342859541], [3, 2, 7276, 0.027487630566245192, 125.64982109216623], [2, 23, 7246, 0.3174165056582942, 104.06066380710585], [1, 98, 7325, 1.3378839590443685, 44.11176966956858], [0, 123, 7212, 1.7054908485856903, 36.859339028018354]], 701.2075805664062), (17, 0): ([[0, 123, 7212, 1.7054908485856903, 36.859339028018354], [1, 98, 7325, 1.3378839590443685, 44.11176966956858], [2, 23, 7246, 0.3174165056582942, 104.06066380710585], [3, 2, 7276, 0.027487630566245192, 125.64982109216623], [4, 1, 7168, 0.013950892857142856, 141.17450342859541], [5, 0, 7264, 0.0, 144.79574027040456], [6, 9, 7295, 0.12337217272104181, 129.87299356231793], [7, 18, 7295, 0.24674434544208362, 107.10276784184373], [8, 106, 7282, 1.455644053831365, 42.99342195740836], [9, 119, 7333, 1.6228010364107461, 36.71272212701785]], 701.2075805664062), (0, 18): ([[9, 133, 7229, 1.83981186886153, 35.953641295449536], [8, 103, 7213, 1.427977263274643, 43.30417985809043], [7, 15, 7380, 0.20325203252032523, 112.45881787638677], [6, 0, 7267, 0.0, 142.4434354526724], [5, 0, 7110, 0.0, 149.86174161886868], [4, 1, 7148, 0.01398992725237829, 133.64633159925634], [3, 1, 7251, 0.013791201213625707, 122.16947345894101], [2, 12, 7204, 0.1665741254858412, 95.4513671468325], [1, 111, 7165, 1.5491974877878576, 40.18140052215087], [0, 128, 7349, 1.7417335691930875, 35.12001272428115]], 699.57470703125), (18, 0): ([[0, 128, 7349, 1.7417335691930875, 35.12001272428115], [1, 111, 7165, 1.5491974877878576, 40.18140052215087], [2, 12, 7204, 0.1665741254858412, 95.4513671468325], [3, 1, 7251, 0.013791201213625707, 122.16947345894101], [4, 1, 7148, 0.01398992725237829, 133.64633159925634], [5, 0, 7110, 0.0, 149.86174161886868], [6, 0, 7267, 0.0, 142.4434354526724], [7, 15, 7380, 0.20325203252032523, 112.45881787638677], [8, 103, 7213, 1.427977263274643, 43.30417985809043], [9, 133, 7229, 1.83981186886153, 35.953641295449536]], 699.57470703125), (0, 19): ([[9, 134, 7258, 1.8462386332322955, 34.76163194855569], [8, 126, 7265, 1.7343427391603576, 41.518958771319035], [7, 13, 7277, 0.17864504603545417, 100.67443778879517], [6, 5, 7188, 0.06956037840845854, 123.42017705425927], [5, 3, 7224, 0.04152823920265781, 131.0603571455608], [4, 1, 7364, 0.013579576317218902, 129.09894466866365], [3, 2, 7154, 0.02795638803466592, 129.98065581413698], [2, 15, 7044, 0.21294718909710392, 102.59897276896228], [1, 111, 7186, 1.544670192040078, 41.205561496937406], [0, 116, 7321, 1.5844829941264855, 34.00545350913548]], 701.3865356445312), (19, 0): ([[0, 116, 7321, 1.5844829941264855, 34.00545350913548], [1, 111, 7186, 1.544670192040078, 41.205561496937406], [2, 15, 7044, 0.21294718909710392, 102.59897276896228], [3, 2, 7154, 0.02795638803466592, 129.98065581413698], [4, 1, 7364, 0.013579576317218902, 129.09894466866365], [5, 3, 7224, 0.04152823920265781, 131.0603571455608], [6, 5, 7188, 0.06956037840845854, 123.42017705425927], [7, 13, 7277, 0.17864504603545417, 100.67443778879517], [8, 126, 7265, 1.7343427391603576, 41.518958771319035], [9, 134, 7258, 1.8462386332322955, 34.76163194855569]], 701.3865356445312), (0, 20): ([[9, 125, 7338, 1.7034614336331424, 34.9550273538643], [8, 93, 7150, 1.3006993006993006, 42.123151992050914], [7, 31, 7300, 0.4246575342465754, 101.64266081509525], [6, 8, 7122, 0.11232799775344005, 128.17776899758232], [5, 5, 7139, 0.07003782042302843, 140.52005961148708], [4, 0, 7288, 0.0, 138.43031099991532], [3, 1, 7253, 0.013787398317937405, 135.01018049239323], [2, 11, 7289, 0.15091233365345041, 108.96519686463013], [1, 106, 7267, 1.458648685840099, 42.0786911562973], [0, 123, 7233, 1.7005391953546247, 34.87819207200829]], 702.1575317382812), (20, 0): ([[0, 123, 7233, 1.7005391953546247, 34.87819207200829], [1, 106, 7267, 1.458648685840099, 42.0786911562973], [2, 11, 7289, 0.15091233365345041, 108.96519686463013], [3, 1, 7253, 0.013787398317937405, 135.01018049239323], [4, 0, 7288, 0.0, 138.43031099991532], [5, 5, 7139, 0.07003782042302843, 140.52005961148708], [6, 8, 7122, 0.11232799775344005, 128.17776899758232], [7, 31, 7300, 0.4246575342465754, 101.64266081509525], [8, 93, 7150, 1.3006993006993006, 42.123151992050914], [9, 125, 7338, 1.7034614336331424, 34.9550273538643]], 702.1575317382812), (0, 21): ([[9, 128, 7240, 1.7679558011049725, 36.101378231153966], [8, 106, 7274, 1.4572449821281275, 39.95839871775491], [7, 27, 7173, 0.37641154328732745, 104.94372175688127], [6, 11, 7154, 0.15376013419066256, 128.84106882131064], [5, 15, 7268, 0.20638414969730323, 140.59363201101468], [4, 2, 7242, 0.027616680475006903, 146.4856399666766], [3, 0, 7255, 0.0, 137.66723827990396], [2, 19, 7171, 0.26495607307209595, 107.19646531630221], [1, 106, 7251, 1.461867328644325, 44.128087515272675], [0, 124, 7134, 1.7381553125876086, 35.31872106006174]], 700.6670532226562), (21, 0): ([[0, 124, 7134, 1.7381553125876086, 35.31872106006174], [1, 106, 7251, 1.461867328644325, 44.128087515272675], [2, 19, 7171, 0.26495607307209595, 107.19646531630221], [3, 0, 7255, 0.0, 137.66723827990396], [4, 2, 7242, 0.027616680475006903, 146.4856399666766], [5, 15, 7268, 0.20638414969730323, 140.59363201101468], [6, 11, 7154, 0.15376013419066256, 128.84106882131064], [7, 27, 7173, 0.37641154328732745, 104.94372175688127], [8, 106, 7274, 1.4572449821281275, 39.95839871775491], [9, 128, 7240, 1.7679558011049725, 36.101378231153966]], 700.6670532226562), (0, 22): ([[9, 134, 7268, 1.8436984039625757, 36.35930794362649], [8, 86, 7144, 1.2038073908174691, 43.51086688922741], [7, 26, 7267, 0.35778175313059035, 103.31348549898084], [6, 7, 7227, 0.09685900096859, 122.41446879297037], [5, 1, 7307, 0.01368550704803613, 131.79313793106675], [4, 3, 7238, 0.04144791378833932, 130.03133233590296], [3, 1, 7343, 0.013618412093149937, 125.5573399317909], [2, 16, 7189, 0.22256224787870357, 101.19256981491363], [1, 99, 7287, 1.3585837793330588, 41.07127602122948], [0, 128, 7134, 1.794224838800112, 34.69284009706215]], 700.6322631835938), (22, 0): ([[0, 128, 7134, 1.794224838800112, 34.69284009706215], [1, 99, 7287, 1.3585837793330588, 41.07127602122948], [2, 16, 7189, 0.22256224787870357, 101.19256981491363], [3, 1, 7343, 0.013618412093149937, 125.5573399317909], [4, 3, 7238, 0.04144791378833932, 130.03133233590296], [5, 1, 7307, 0.01368550704803613, 131.79313793106675], [6, 7, 7227, 0.09685900096859, 122.41446879297037], [7, 26, 7267, 0.35778175313059035, 103.31348549898084], [8, 86, 7144, 1.2038073908174691, 43.51086688922741], [9, 134, 7268, 1.8436984039625757, 36.35930794362649]], 700.6322631835938), (0, 23): ([[9, 126, 7217, 1.7458777885548011, 34.29685885532586], [8, 107, 7159, 1.4946221539321134, 42.328129279878254], [7, 18, 7270, 0.24759284731774417, 104.24960616792576], [6, 8, 7310, 0.1094391244870041, 127.28749275259705], [5, 7, 7146, 0.09795689896445563, 135.87305750020772], [4, 5, 7246, 0.0690035881865857, 138.16216331774643], [3, 6, 7291, 0.08229323823892469, 125.96956360675297], [2, 17, 7069, 0.24048663177252796, 98.43318873696995], [1, 108, 7388, 1.4618299945858149, 39.611007591292996], [0, 138, 7376, 1.8709327548806942, 34.59058579550389]], 702.7332763671875), (23, 0): ([[0, 138, 7376, 1.8709327548806942, 34.59058579550389], [1, 108, 7388, 1.4618299945858149, 39.611007591292996], [2, 17, 7069, 0.24048663177252796, 98.43318873696995], [3, 6, 7291, 0.08229323823892469, 125.96956360675297], [4, 5, 7246, 0.0690035881865857, 138.16216331774643], [5, 7, 7146, 0.09795689896445563, 135.87305750020772], [6, 8, 7310, 0.1094391244870041, 127.28749275259705], [7, 18, 7270, 0.2475928473